Brightleaf Iron Mine
00000000
00000001
00100000
00000001
00000000
03000001
00000000
00000001
14270444
32534144
The Secret Tunnels
00000010
00000000
03000000
00000000
02000000
00000001
00000000
10001000
62415445
44443426
The Graveyard of the Vernal King
00000000
00000000
00200030
00000000
00000000
00000000
10000000
00010101
42506242
52215325
The Shifting Walls
00101000
00000000
00000001
10000000
00000001
10000000
00000000
00010100
62434426
62532526
The Fetid Sewers
10000001
00000000
01000001
00000000
00000000
00000010
00000000
10000001
24432342
07242270
The Dais of the Sun God
10000000
00000101
00000000
00000000
10000300
00000000
00000000
10010000
23344346
23541455
The Coronation of the Lich
00000101
00000000
03000000
00000020
01000000
10000000
00003000
00100000
41343326
31266143
The Demon Marquis of Lust
00000010
00000000
00300000
00000000
00000000
00000000
10002000
00000100
15143543
13360634
The Promenade
10100000
00000000
00000300
00000000
00000000
00000001
00000000
00000001
06153236
63136160
The Blooksoaked Den
00000000
02000000
00000001
00000000
00000000
00000000
10100300
01000000
42652445
43534427
The False Maze of the Minotaur
00000000
00000300
00000000
00000000
00000020
00000000
00300000
00000000
13244322
21445140
The Phylactery of the Lich
00000010
00000000
00030010
00000000
01000010
00002000
10000000
00000000
66223731
64344441
The Trials of the Anointed One
00000010
00300000
00000000
10000101
00000000
00000000
10000000
00100000
61227414
44434314
The Demon Count of Gluttony
00000000
10003000
00000000
00000000
00000001
00200000
00000000
00000001
15250425
23434332
The Winding Warren
00300100
00000000
00000100
00000000
00002000
00000000
00000000
10000101
64144423
34264414
The Gleaming Sky-Vaults
00000000
03000030
00000000
00000000
00000000
00000000
03000030
00000000
22164222
22157022
The Corridor of Vise
00000000
00300000
00000300
00000000
00000000
00101000
00000000
01010100
33336325
52146415
The Twin Cities of the Dead
00000000
00300030
00000000
00000000
00000000
00000000
01010101
00100010
53137214
22161626
The Tainted Glade
00000100
00000000
03000000
00000000
00000000
10000000
00000000
00100001
44262347
73417163
The Demon Duke of Avarice
00101000
10000000
00000101
00000000
00000000
00000000
01020000
00000101
54616353
56432355
The Altar of Unknown Sacrifice
10000001
00000000
00000000
10000000
00000001
00000000
00300000
00000001
44136341
60415334
Old Saulksburgh Gold Vaults
00000000
00030300
00000000
00000000
00000001
00000000
00000000
01010000
53435131
52236061
The Illusory Hoard
00000000
03000000
00000300
00000000
00000001
00000000
30000000
00000000
22162134
22255212
The Skittering Gallery
00000010
01000000
00000001
00000000
01000010
00000000
10000010
00100000
64523617
44464453
The Thief's Dilemma
00000000
00000000
00020000
00000000
00000000
00000000
00300300
00000000
22337132
33516122
The Chapel of the Undying Martyr
00000000
00000000
00000000
00000100
00000000
00000000
01010030
00000000
15346240
06235225
The Hungering Caverns
00000000
00001000
00000000
30000001
00000000
01000000
00000300
00010000
54164131
52226143
The Cosmic Orrery
00000000
00000100
00000000
00030000
00000000
01000000
00000000
00000001
14313341
14323241
The House Penumbral
00000000
10000300
00000000
00000000
00000000
00000001
00000000
00000001
14151326
23437040
The Demon Prince of Wrath
01000100
00020000
00000001
00000000
00000000
00000003
00000000
00010000
22626244
55152235
Krog'mar's Last Stand
00000000
02000030
00000000
00000000
00000010
00000000
00000001
10000000
33633327
54173442
The Catacombs of the Lich's Army
00000001
30000000
00000000
00002001
00300000
00000001
00000100
00000001
52245413
12452336
Wardens of the Uncaged Chaos
00000000
30001000
00000000
00001000
00000000
00000000
00000000
00000000
32454341
52416242
The Eye of the Minotaur
00000000
00000000
00000000
00300000
00000000
00000000
00000200
00000000
15313531
06232531
The Corroded Corridors
01000010
00000000
00000001
00000000
00001000
00000001
00000000
01000010
42423426
36054063
The Triumvirate of the Planar Keep
00010000
00000000
10000000
00000001
00000000
00000000
00000003
00000000
15226141
14262331
The Halls of the Golemancer
00000100
00000001
00300100
00000001
00000100
00000001
00000000
00000000
53246415
63335343
The Glacial Nest
00000010
10101000
00000000
00000000
00000000
01000000
00001000
00000010
65464531
64162366
Fort Impenetrable
00001001
00000000
00300000
00000000
00000000
00000000
00000001
10010000
41452743
62333445
The Artificer's Museum
10001010
00000000
10000000
00000001
10000000
00000001
00000000
01000101
35344253
44246234
Beneath the Haunted Woods
01000000
00000000
00000300
00000000
00000000
00000000
00000000
10100101
41473145
44443253
The Scoured Halls
00000101
01000000
00000000
00000000
00000000
10000000
00000000
00101001
45444525
56261535
The Tomb of the Summer King
01000010
00000000
00000000
00000000
00020300
00000000
00000000
00001001
14145233
34331513
The Living Reliquary
00000000
00000000
00000300
00000000
00000000
00000000
00000000
00000000
23153135
53325041
The Twisting Descent
00000000
00000001
00000000
00300001
00000000
00000000
00020000
00000001
15323424
15322722
The Edge of the Endless Swarm
00000000
01000001
00000000
00100101
10000000
00000000
00000010
00010000
56325535
52742446
The Ascension of the Arch-Lich
00000000
00000000
03000000
00000000
00000001
01001000
00000000
01001010
53333514
52215363
The Tomb of the Broken God
00000000
00000000
00000000
00030000
00000000
00000000
00000000
00000000
15333522
51523260
The Ashen Remnant
00000100
10000000
00000000
00000300
10000000
00000000
00000001
10000010
44426234
56141534
The Crypt of the Autumn King
01000000
00000000
00000000
10000200
00000000
01000000
00000001
10000100
54242453
64142462
The Oblivion Hoard
10000001
00000000
00000000
00000000
00000000
00000000
00000000
10000001
35362342
52623163
The Minotaur's Pursuit
00000000
00000300
00000000
00000000
00002000
00000000
00000000
00000000
22616321
22343531
The Engine of the Golemancer
00000100
00000001
00000000
00000001
00000000
00000001
01000000
00010100
53424425
41524526
The Hive of Great Sorrow
01000001
00001000
00000000
00100000
00000000
00000000
00000000
00101010
34444523
52623515
Masters of the Astral Voyager
00000000
00000100
03000000
00000000
00000000
30000000
00000000
00001001
22163331
23425122
The Barrow of the Winter King
00000000
00000001
00200000
00000001
00000000
00000000
00030000
00000000
52125423
51416232
The Gardens of Hell
00000101
00300000
00000000
00000001
10000000
00000000
00000000
10000300
23146141
33145222
The Demon King of Vainglory
00000100
00000000
10000000
00000020
00000001
00300000
00000001
00000000
24252535
34363135
The Water Temple
10010001
00000100
00000000
10000000
00000000
00000000
10000001
00000100
25233343
42514342
The Council of Unmaking
00000000
00000000
00100100
00000000
00000000
00100100
00000000
00000000
26455341
33447324
Ickbog's Grave Mistake
00000000
00000000
10000000
00000300
00000000
00000001
10100000
00000000
54424324
52227145
Tenaxxus's Gullet
00000001
00000000
03000001
00000000
01000000
00000000
01000000
00000000
53164335
14245635
The Undertower of the Arch-Lich
01000101
00000000
00000000
02000000
00000000
00000000
10100030
00000000
65343132
33516135
The True Maze of the Minotaur
00000000
00000000
00000000
00000000
00000000
00000000
00000000
00000200
13624234
14324533